layout_spectrum: 0.08441556
typography_spectrum: 0.04051072
color:
  saturation: 0.7590201
  lightness: 0.2407884
  brandStrength: 0.1185668
  rhythmicContrast: 0.2089595
